80
140 145 468
47 192 444
46 179 423
45 176 413
44 171 403
43 120 421
1 188 477
2 191 501
3 215 486
4 232 501
5 255 510
6 290 495
7 307 488
8 307 510
49 259 477
48 232 430
38 217 384
39 124 324
42 2 311
40 75 246
41 49 206
36 65 189
35 44 154
33 88 132
32 59 66
31 76 61
30 154 117
29 154 92
50 147 183
51 173 206
37 164 299
34 2 30
28 55 19
27 89 43
56 292 308
55 261 279
54 230 255
53 241 239
57 287 247
52 225 204
9 369 485
10 360 445
12 411 434
11 416 473
13 400 408
15 393 394
16 377 359
14 409 370
17 350 361
18 315 273
139 254 81
25 223 83
24 270 97
26 253 116
19 305 212
20 337 198
21 376 259
22 303 127
23 286 57
63 305 45
62 328 50
58 347 161
59 374 148
78 555 509
77 564 488
76 554 452
75 560 401
74 550 380
73 530 375
72 536 343
71 510 318
70 509 282
60 435 109
64 450 148
65 459 179
67 469 219
66 415 242
68 485 219
69 489 238
61 399 20