80 87
1 36.81591575872644 54.4443356722904
2 36.81557878565537 54.4444199132319
3 36.81584946410809 54.4449430243642
4 36.81548746952202 54.4452405268035
5 36.81535979052205 54.4456870850872
6 36.81562594067205 54.4465611162035
7 36.81569488712746 54.4467524983249
8 36.81541144022716 54.4469215525323
9 36.81585409663881 54.4481635781517
10 36.8164463454417 54.4480102068763
11 36.8159985479888 54.4491830460414
12 36.8167496906149 54.4490296747660
13 36.8171758163276 54.4488763034905
14 36.8177536101149 54.4490477184454
15 36.8174141567934 54.4486958666959
16 36.8178691683490 54.4484342333437
17 36.8177247205291 54.4479650976776
18 36.8194915072939 54.4470545952215
19 36.8204877933262 54.4468936626815
20 36.8207454513962 54.4475373928415
21 36.8198849684550 54.4482792942742
22 36.8219287050525 54.4468537412801
23 36.8232232466425 54.4464300986935
24 36.8223963211457 54.4461026844438
25 36.8227024719225 54.4451562102150
26 36.8224113909331 54.4456474243271
27 36.8234216525725 54.4422203981332
28 36.8237523009444 54.4414854728598
29 36.8234431233046 54.4421828471998
30 36.8221254155496 54.4436060150301
31 36.8230523553338 54.4419307195538
32 36.8227776204270 54.4415343903523
33 36.8218453990575 54.4422244498488
34 36.8236708046348 54.4402254723603
35 36.8214554095803 54.4411869382797
36 36.8209137542317 54.4416831394649
37 36.8190793196039 54.4437762062872
38 36.8175626278551 54.4451294822533
39 36.8185737590106 54.4429101096792
40 36.8198722953298 54.4419086438848
41 36.8205980358441 54.4413078290688
42 36.8181631277274 54.4413292867497
43 36.8169592297378 54.4429009454331
44 36.8171942839006 54.4439837086073
45 36.8170931695638 54.4440649051649
46 36.8169198303898 54.4441551235622
47 36.8165370382973 54.4444438224337
48 36.8166033299524 54.4452475873213
49 36.8159394065055 54.4458472513023
50 36.8209635442879 54.4434556641117
51 36.8205856465653 54.4439921059100
52 36.8207230641349 54.4450649895110
53 36.8198126681390 54.4456228889837
54 36.8197439585678 54.4452902950677
55 36.8193574660800 54.4458696522117
56 36.8188421397269 54.4465348400437
57 36.8196031606842 54.4465396110935
58 36.8213160362821 54.4478146320541
59 36.8215589560345 54.4482622315827
60 36.8222634189559 54.4495898573034
61 36.8238476436936 54.4488602287479
62 36.8233178137809 54.4474270102941
63 36.8233678766068 54.4468276643952
64 36.8216318318098 54.4498629688803
65 36.8210731157414 54.4501815990581
66 36.8199782005665 54.4491802526743
67 36.8204325161588 54.4505216767088
68 36.8204271718471 54.4506699241498
69 36.8200451396479 54.4508682535849
70 36.8193108386254 54.4512215278935
71 36.8186559155636 54.4512215278935
72 36.8184028624469 54.4516677855668
73 36.8176288526635 54.4517049723398
74 36.8173979176140 54.4521647923723
75 36.8172084632046 54.4522349124165
76 36.8163453873215 54.4523137974663
77 36.8157068452422 54.4523313274773
78 36.8146472746413 54.4522436774220
139 36.822712685270 54.4456857007514
140 36.816074166540 54.4434382257833
140 47
47 3
47 46
1 2
2 3
3 4
4 49
4 5
49 48
46 45
45 44
45 38
45 43
43 42
5 6
6 7
7 8
8 6
38 8
38 37
37 39
39 44
39 40
40 41
37 36
36 35
35 33
33 50
33 32
32 31
31 27
34 32
28 27
31 30
29 30
27 25
25 139
26 25
30 26
50 51
51 54
54 52
54 55
55 53
55 56
8 9
9 10
9 11
10 12
12 11
13 12
15 13
15 16
15 14
15 17
21 14
17 18
57 18
20 19
26 18
24 139
24 22
22 23
63 23
63 62
62 61
23 58
58 59
59 60
60 61
60 64
64 65
22 20
20 21
65 68
68 67
66 67
68 69
69 70
70 71
71 72
72 74
74 75
75 76
73 76
76 77
77 78